5.944963e+01 
4.040919e+01 
5.010729e+01 
4.257521e+01 
3.997249e+01 
5.309506e+01 
4.203537e+01 
3.994739e+01 
4.160129e+01 
4.470223e+01 
4.829670e+01 
4.506156e+01 
5.330247e+01 
5.228295e+01 
6.086091e+01 
6.740690e+01 
6.777373e+01 
6.819361e+01 
6.933269e+01 
1.922728e+01 
2.525126e+01 
1.943209e+01 
1.778230e+01 
2.810146e+01 
1.900592e+01 
2.432341e+01 
2.854955e+01 
2.658917e+01 
2.371840e+01 
2.408777e+01 
3.514775e+01 
3.455599e+01 
3.286786e+01 
3.582912e+01 
3.306917e+01 
3.033607e+01 
3.703277e+01 
2.922768e+01 
6.473977e+01 
4.440164e+01 
5.792984e+01 
1.187492e+01 
3.072281e+01 
2.305719e+01 
3.029644e+01 
4.134065e+01 
4.987319e+01 
4.074628e+01 
4.331817e+01 
3.491406e+01 
5.235002e+01 
3.707805e+01 
1.521702e+01 
6.107358e+01 
2.311382e+01 
2.269795e+01 
3.655101e+01 
2.932645e+01 
3.419389e+01 
8.368120e+00 
2.243784e+01 
3.061239e+01 
3.156741e+01 
2.309387e+01 
2.540057e+01 
2.878691e+01 
3.007149e+01 
4.423489e+01 
1.597946e+01 
3.109330e+01 
3.917185e+00 
3.597787e+01 
4.347431e+01 
4.321926e+01 
1.315867e+01 
4.515365e+01 
3.691363e+01 
1.371430e+01 
2.264371e+01 
4.445570e+01 
1.026403e+01 
1.517648e+01 
6.023669e+01 
3.662324e+01 
5.027534e+01 
3.002235e+01 
4.257341e+01 
2.915484e+01 
1.663730e+01 
1.147080e+01 
3.057400e+01 
3.263345e+01 
3.543775e+01 
3.364445e+01 
2.896376e+01 
3.454241e+01 
4.559946e+01 
5.522237e+01 
3.245352e+01 
3.820319e+01 
3.620696e+01 
3.287450e+01 
4.311501e+01 
