6.812196e+01 
4.204906e+01 
4.241472e+01 
4.286031e+01 
4.511113e+01 
4.401645e+01 
4.947348e+01 
4.493932e+01 
4.162899e+01 
4.238036e+01 
4.495309e+01 
4.627643e+01 
4.803313e+01 
5.338945e+01 
6.142452e+01 
6.852898e+01 
7.174925e+01 
6.950113e+01 
7.448990e+01 
1.617560e+01 
2.321001e+01 
1.889264e+01 
1.693151e+01 
2.731517e+01 
1.940870e+01 
2.103841e+01 
2.350129e+01 
2.568438e+01 
2.378147e+01 
2.480105e+01 
3.097382e+01 
3.065792e+01 
2.753300e+01 
3.304453e+01 
3.225069e+01 
2.897849e+01 
3.570235e+01 
2.739513e+01 
5.257201e+01 
4.215158e+01 
5.363091e+01 
1.484171e+01 
2.998909e+01 
1.858796e+01 
3.022890e+01 
4.556241e+01 
4.999018e+01 
4.453859e+01 
4.128920e+01 
3.537403e+01 
5.502773e+01 
3.891511e+01 
2.217561e+01 
6.491121e+01 
2.627889e+01 
2.038755e+01 
3.482201e+01 
2.807670e+01 
3.155643e+01 
7.880197e+00 
2.015505e+01 
2.812969e+01 
2.974941e+01 
2.109544e+01 
2.278814e+01 
3.056812e+01 
2.945797e+01 
3.863513e+01 
1.164404e+01 
2.916658e+01 
4.641456e+00 
3.437429e+01 
4.165792e+01 
4.236527e+01 
1.257959e+01 
4.196179e+01 
3.892991e+01 
1.534900e+01 
2.162447e+01 
4.561788e+01 
9.773031e+00 
1.365945e+01 
6.709282e+01 
3.395808e+01 
5.277338e+01 
3.318575e+01 
4.154007e+01 
2.800579e+01 
1.676294e+01 
1.153385e+01 
3.213511e+01 
3.084038e+01 
3.468398e+01 
3.340139e+01 
3.143359e+01 
3.647723e+01 
4.865758e+01 
5.248249e+01 
3.083802e+01 
3.403810e+01 
3.553386e+01 
3.405028e+01 
4.621855e+01 
